[28.64094314 31.71064263 27.08115058 24.28831017 28.3260793  27.26711259
 24.0035424  20.90365361 23.25379135 33.76089512]
[28.85619958 30.38072523 27.47166124 25.28112873 30.74953243 27.49780128
 26.1085083  20.63944788 24.16016031 34.45999246]
[28.16822742 29.06491507 27.42449741 26.24387284 31.18155342 28.15768149
 26.18485304 21.43552558 24.02989114 35.44947456]
[26.50653818 30.05893992 27.12995357 24.92855433 30.04679575 24.99327995
 24.32419075 20.98655696 24.04279184 33.29952808]
[25.93466438 27.67657147 27.66979276 28.31049614 32.8768348  26.67024775
 25.63205995 20.77764412 24.22492929 35.12111465]
[28.98495847 29.3875582  28.00068664 25.23798572 28.98148679 27.56626038
 26.48483995 21.19469684 24.04511933 34.53895974]
[28.30797869 30.84270085 27.13996538 23.41701031 27.61247665 25.01706002
 25.41622314 21.21670628 23.38471833 33.78962579]
[26.75063589 30.02400531 28.23561759 27.26239677 31.4459035  28.14961559
 26.45646592 21.43909775 24.93439679 35.29836247]
[28.58340318 31.05674122 26.34978744 22.54891664 26.73289048 24.47129237
 24.69067674 20.65480779 23.35931547 31.29517894]
[26.8615616  31.88847104 24.32636475 20.26004805 24.58873203 23.61261361
 23.30129365 20.86404727 20.43829471 30.86685994]
[26.70806731 29.66902088 26.67322709 23.52372728 28.99317776 25.65389292
 24.57600481 20.14816827 22.2215258  32.19232678]
[28.5911297  30.75108681 27.62532726 24.99363747 29.21705281 27.76645251
 25.56598615 20.71986244 23.57788665 33.35806108]
[26.45691596 29.16338425 28.04733956 26.58957195 30.99886694 27.06802287
 26.32012127 20.76397921 23.45095454 34.24439611]
[24.96226334 31.23518271 23.89484168 20.77685106 23.92424253 20.79978766
 21.98158023 19.29948149 19.69338133 30.38143554]
[26.70462676 31.04902349 25.54295759 21.88342101 25.66681405 22.09207355
 23.53582657 20.08091886 20.42750133 31.59588138]
[27.90337078 28.35919023 27.97039967 27.5591434  33.34945439 27.47967795
 26.39746789 21.2718056  24.26314852 35.43950247]
[27.33195    29.03858501 27.97057481 27.69171479 32.4855559  27.81662947
 26.08385847 20.9868662  25.00442941 35.26288412]
[25.45444897 30.45944728 28.79596022 27.47935466 32.78088999 27.34468671
 26.53257248 21.1998057  24.89812766 35.02622636]
[28.57672992 31.75188751 27.68894223 24.39430301 29.23389419 26.9487207
 25.58010232 21.23602907 22.51904609 33.41258361]
[27.76351915 29.44374558 28.11497117 26.59746355 31.96788707 27.95745609
 26.23219905 21.30326531 24.20368404 35.14700209]
[26.14923596 29.81541824 26.29224998 22.51099488 27.47271766 22.89004419
 24.32456878 20.85160139 22.5826745  32.55062894]
[27.77443263 30.83347303 27.52545646 24.20809855 28.64468334 27.00114228
 25.53334741 21.36512477 23.30209182 33.23221791]
[28.41379384 31.17644503 28.47009406 26.01225887 30.60829008 28.50766226
 26.33067847 21.40185374 23.58216765 34.09042621]
[28.04668512 30.62127441 27.95359428 24.75373008 31.17914832 27.8049044
 25.96928438 21.34330729 24.29399017 34.40651849]
[27.08832229 28.80417172 26.24551704 22.07156798 25.51863655 24.90634271
 23.52513894 21.04411714 20.61504345 32.28862521]
